IAI 4.651263071640816e-05 78.0 90.0
IAV 8.550275572671924e-05 129.0 165.0
ICI 6.990049559910115e-06 14.0 13.0
ICV 1.2849595708372127e-05 19.0 24.0
IDI 2.7222244902495915e-05 97.0 52.0
IDV 5.0041825637050926e-05 96.0 97.0
IEI 4.644427357319798e-05 111.0 90.0
IEV 8.537709686743621e-05 135.0 165.0
IFI 1.156663625021288e-05 35.0 22.0
IFV 2.1262595958325092e-05 32.0 41.0
IGI 4.618725071472771e-05 74.0 89.0
IGV 8.490461955653205e-05 89.0 164.0
IHI 1.3493092450638385e-05 42.0 26.0
IHV 2.4803941854830116e-05 70.0 48.0
III 1.431975816919347e-05 51.0 27.0
IIV 2.6323576326426106e-05 52.0 51.0
IKI 3.269415826408932e-05 90.0 63.0
IKV 6.010067770170194e-05 153.0 116.0
ILI 4.29963392696766e-05 77.0 83.0
ILV 7.903886400520068e-05 131.0 153.0
IMI 1.0384513386964867e-05 15.0 20.0
IMV 1.9089535418457393e-05 29.0 37.0
INI 1.7882532473307948e-05 75.0 34.0
INV 3.287291607225712e-05 78.0 63.0
IPI 6.26910955618677e-05 172.0 121.0
IPV 0.00011524313605800542 320.0 223.0
IQI 3.1175414446721854e-05 66.0 60.0
IQV 5.730881709034275e-05 138.0 111.0
IRI 3.4111733509505725e-05 66.0 66.0
IRV 6.270656320132225e-05 95.0 121.0
ISI 7.214321751544575e-05 183.0 140.0
ISV 0.0001326186846358424 299.0 257.0
ITI 3.46266906550224e-05 87.0 67.0
ITV 6.365319327458768e-05 166.0 123.0
IVI 2.632357632642611e-05 61.0 51.0
IVV 4.8389830500343484e-05 76.0 93.0
IWI 3.702222876263242e-06 9.0 7.0
IWV 6.805683818768374e-06 17.0 13.0
IYI 8.271214328431541e-06 17.0 16.0
IYV 1.5204721973245443e-05 24.0 29.0
VAI 8.550275572671924e-05 128.0 165.0
VAV 0.00015717711779058828 357.0 305.0
VCI 1.2849595708372129e-05 31.0 24.0
VCV 2.36210213466267e-05 63.0 45.0
VDI 5.0041825637050926e-05 203.0 97.0
VDV 9.199036751224757e-05 336.0 178.0
VEI 8.537709686743621e-05 159.0 165.0
VEV 0.0001569461229278018 360.0 304.0
VFI 2.1262595958325092e-05 42.0 41.0
VFV 3.908638407113925e-05 78.0 75.0
VGI 8.490461955653205e-05 137.0 164.0
VGV 0.00015607758224372469 258.0 302.0
VHI 2.4803941854830116e-05 78.0 48.0
VHV 4.559633262637916e-05 94.0 88.0
VII 2.632357632642611e-05 77.0 51.0
VIV 4.8389830500343484e-05 115.0 93.0
VKI 6.010067770170193e-05 141.0 116.0
VKV 0.00011048124961734551 234.0 214.0
VLI 7.903886400520068e-05 127.0 153.0
VLV 0.00014529474204885245 293.0 282.0
VMI 1.9089535418457393e-05 25.0 37.0
VMV 3.509171291068529e-05 73.0 68.0
VNI 3.287291607225712e-05 141.0 63.0
VNV 6.042928274877409e-05 132.0 117.0
VPI 0.0001152431360580054 202.0 223.0
VPV 0.0002118479552710544 609.0 411.0
VQI 5.730881709034274e-05 114.0 111.0
VQV 0.00010534905708814755 237.0 204.0
VRI 6.270656320132225e-05 82.0 121.0
VRV 0.00011527156974961951 152.0 223.0
VSI 0.0001326186846358424 245.0 257.0
VSV 0.0002437888982533323 497.0 473.0
VTI 6.365319327458768e-05 166.0 123.0
VTV 0.00011701173104927756 387.0 227.0
VVI 4.8389830500343484e-05 111.0 93.0
VVV 8.89535550494815e-05 188.0 172.0
VWI 6.805683818768375e-06 18.0 13.0
VWV 1.2510681768514995e-05 18.0 24.0
VYI 1.5204721973245443e-05 31.0 29.0
VYV 2.7950378397162374e-05 43.0 54.0
