IAI 0.00013186570745163368 1322.0 1499.0
IAV 0.000181539197693203 2035.0 2064.0
ICI 4.3161554649784084e-05 529.0 490.0
ICV 5.9420406971138305e-05 617.0 675.0
IDI 8.903450916706378e-05 1228.0 1012.0
IDV 0.00012257359152397767 1307.0 1394.0
IEI 0.00013346265012107914 1278.0 1517.0
IEV 0.0001837377047696505 1625.0 2089.0
IFI 6.853242796368744e-05 1219.0 779.0
IFV 9.434842635685501e-05 1171.0 1073.0
IGI 0.0001234744905970102 1283.0 1404.0
IGV 0.00016998702992421146 1530.0 1933.0
IHI 4.9294950926351076e-05 665.0 560.0
IHV 6.786423865945536e-05 790.0 771.0
III 8.143069670892835e-05 1302.0 926.0
IIV 0.00011210544146634582 1402.0 1275.0
IKI 0.00010757278695742427 1423.0 1223.0
IKV 0.00014809519332412846 1699.0 1684.0
ILI 0.0001871212782755447 2257.0 2128.0
ILV 0.0002576094072215749 2873.0 2930.0
IMI 4.0049432511283646e-05 381.0 455.0
IMV 5.513595601671675e-05 627.0 627.0
INI 6.735289056169011e-05 1084.0 766.0
INV 9.272456009362459e-05 1047.0 1054.0
IPI 0.00011857728783907475 1248.0 1348.0
IPV 0.0001632450628366529 2076.0 1856.0
IQI 8.96230390316929e-05 969.0 1019.0
IQV 0.0001233838191525857 1490.0 1403.0
IRI 0.00010600260315356115 1201.0 1205.0
IRV 0.00014593352511263588 1473.0 1659.0
ISI 0.00015641201127796235 1888.0 1779.0
ISV 0.00021533203427734482 2510.0 2449.0
ITI 0.00010064058898976934 1388.0 1144.0
ITV 0.00013855165329678575 2180.0 1575.0
IVI 0.00011210544146634582 1374.0 1275.0
IVV 0.00015433528772677596 1782.0 1755.0
IWI 2.2896834494814144e-05 265.0 260.0
IWV 3.152201618019013e-05 323.0 358.0
IYI 5.0088632093778203e-05 725.0 569.0
IYV 6.895689758605136e-05 873.0 784.0
VAI 0.000181539197693203 2376.0 2064.0
VAV 0.0002499245705042744 3929.0 2842.0
VCI 5.9420406971138305e-05 654.0 675.0
VCV 8.180392928996047e-05 985.0 930.0
VDI 0.0001225735915239777 1800.0 1394.0
VDV 0.00016874676436858278 2328.0 1919.0
VEI 0.0001837377047696505 1738.0 2089.0
VEV 0.0002529512498320101 2942.0 2877.0
VFI 9.434842635685501e-05 1312.0 1073.0
VFV 0.000129889248353079 1846.0 1477.0
VGI 0.00016998702992421144 1896.0 1933.0
VGV 0.0002340207293242677 2330.0 2661.0
VHI 6.786423865945536e-05 902.0 771.0
VHV 9.34285317721165e-05 1076.0 1062.0
VII 0.00011210544146634582 1570.0 1275.0
VIV 0.00015433528772677596 2004.0 1755.0
VKI 0.00014809519332412846 1787.0 1684.0
VKV 0.0002038822912935352 2450.0 2318.0
VLI 0.0002576094072215748 2710.0 2930.0
VLV 0.0003546502423488642 4469.0 4033.0
VMI 5.513595601671675e-05 494.0 627.0
VMV 7.59055361151705e-05 1009.0 863.0
VNI 9.272456009362459e-05 1407.0 1054.0
VNV 0.00012765367563076195 1637.0 1451.0
VPI 0.0001632450628366529 1449.0 1856.0
VPV 0.00022473907968538582 3030.0 2556.0
VQI 0.00012338381915258574 1213.0 1403.0
VQV 0.0001698622027679128 1964.0 1931.0
VRI 0.00014593352511263588 1459.0 1659.0
VRV 0.0002009063279412952 2177.0 2285.0
VSI 0.00021533203427734482 2129.0 2449.0
VSV 0.00029644708617433777 3555.0 3371.0
VTI 0.00013855165329678575 2031.0 1575.0
VTV 0.00019074372302435705 3505.0 2169.0
VVI 0.000154335287726776 2066.0 1755.0
VVV 0.00021247301403168136 2988.0 2416.0
VWI 3.152201618019012e-05 379.0 358.0
VWV 4.339628276079888e-05 512.0 493.0
VYI 6.895689758605136e-05 900.0 784.0
VYV 9.493279265024746e-05 1137.0 1079.0
